- OS: Windows-10-10.0.26100-SP0 10.0.26100
- Python: 3.9.13
- Stable-Baselines3: 2.4.1
- PyTorch: 2.5.1+cpu
- GPU Enabled: False
- Numpy: 1.26.4
- Cloudpickle: 2.0.0
- Gymnasium: 1.0.0
- OpenAI Gym: 0.26.2
